Reference frame : Ecliptic of J2000.0
*******************************************************************************
            JDTDB,            Calendar Date (TDB),                      X,                      Y,                      Z,                     VX,                     VY,                     VZ,                     LT,                     RG,                     RR,
**************************************************************************************************************************************************************************************************************************************************************************
$$SOE
2453705.500000000, A.D. 2005-Dec-01 00:00:00.0000,  5.639810487255618E+07,  1.331110773787923E+08, -2.085372802497149E+05, -2.684299205764671E+01,  8.320156880139338E+00, -1.135901905542953E-01,  4.822205038979200E+02,  1.445660701615560E+08, -2.810930300871490E+00,
2453706.500000000, A.D. 2005-Dec-02 00:00:00.0000,  5.406970726002696E+07,  1.338080805966940E+08, -2.183147925466448E+05, -2.705379431079633E+01,  7.813288743965582E+00, -1.127343218526295E-01,  4.813987885108353E+02,  1.443197260858854E+08, -2.891392385691860E+00,
2453707.500000000, A.D. 2005-Dec-03 00:00:00.0000,  5.172343681936929E+07,  1.344610610613351E+08, -2.280167510334775E+05, -2.725669537416563E+01,  7.301121012011332E+00, -1.118414021911645E-01,  4.805539600837289E+02,  1.440664528951350E+08, -2.971323112096247E+00,
2453708.500000000, A.D. 2005-Dec-04 00:00:00.0000,  4.935998126813414E+07,  1.350695634371017E+08, -2.376398372187614E+05, -2.745157750045522E+01,  6.783713061248995E+00, -1.109088816847303E-01,  4.796861749768580E+02,  1.438062974649303E+08, -3.050699732229275E+00,
2453709.500000000, A.D. 2005-Dec-05 00:00:00.0000,  4.698003875647748E+07,  1.356331374918738E+08, -2.471806834462211E+05, -2.763831714991220E+01,  6.261123916779517E+00, -1.099375302016012E-01,  4.787955961290490E+02,  1.435393086431028E+08, -3.129499226525699E+00,
2453710.500000000, A.D. 2005-Dec-06 00:00:00.0000,  4.458431818133900E+07,  1.361513381626084E+08, -2.566358725648448E+05, -2.781678871618985E+01,  5.733413452965076E+00, -1.089261014284713E-01,  4.778823931705361E+02,  1.432655372835174E+08, -3.207698790745947E+00,
2453711.500000000, A.D. 2005-Dec-07 00:00:00.0000,  4.217353950567936E+07,  1.366237256637368E+08, -2.660019457593709E+05, -2.798686243629995E+01,  5.200644317841709E+00, -1.078745218516839E-01,  4.769467426028435E+02,  1.429850362999997E+08, -3.285273503889884E+00,
2453712.500000000, A.D. 2005-Dec-08 00:00:00.0000,  3.974843405677543E+07,  1.370498656025797E+08, -2.752753992283940E+05, -2.814840457729240E+01,  4.662878894065239E+00, -1.067822643811551E-01,  4.759888279092020E+02,  1.426978606994387E+08, -3.362199548816537E+00,
2453713.500000000, A.D. 2005-Dec-09 00:00:00.0000,  3.730974482963074E+07,  1.374293291483389E+08, -2.844526918412372E+05, -2.830127843829991E+01,  4.120183256139350E+00, -1.056485899585033E-01,  4.750088397760288E+02,  1.424040676481838E+08, -3.438450966230478E+00,
2453714.500000000, A.D. 2005-Dec-10 00:00:00.0000,  3.485822678317241E+07,  1.377616931975532E+08, -2.935302414240092E+05, -2.844534421049967E+01,  3.572624492605581E+00, -1.044736184890300E-01,  4.740069762332843E+02,  1.421037165141239E+08, -3.514002351504399E+00,
2453715.500000000, A.D. 2005-Dec-11 00:00:00.0000,  3.239464713302338E+07,  1.380465405841179E+08, -3.025044346425310E+05, -2.858045833577488E+01,  3.020271993932988E+00, -1.032554037942450E-01,  4.729834428738623E+02,  1.417968689324577E+08, -3.588827672399508E+00,
2453716.500000000, A.D. 2005-Dec-12 00:00:00.0000,  2.991978564374788E+07,  1.382834602964957E+08, -3.113716175341904E+05, -2.870647361931729E+01,  2.463199798075368E+00, -1.019958275546761E-01,  4.719384530361354E+02,  1.414835888604206E+08, -3.662898229870628E+00,
2453717.500000000, A.D. 2005-Dec-13 00:00:00.0000,  2.743443492298961E+07,  1.384720477252862E+08, -3.201281054774895E+05, -2.882323917018515E+01,  1.901482148570812E+00, -1.006934575803267E-01,  4.708722280262970E+02,  1.411639426439401E+08, -3.736187214485996E+00,
2453718.500000000, A.D. 2005-Dec-14 00:00:00.0000,  2.493940070803127E+07,  1.386119049224628E+08, -3.287701801875755E+05, -2.893060239141409E+01,  1.335198634237838E+00, -9.934715410565748E-02,  4.697849973131551E+02,  1.408379990760342E+08, -3.808665280392694E+00,
2453719.500000000, A.D. 2005-Dec-15 00:00:00.0000,  2.243550215368580E+07,  1.387026408947749E+08, -3.372940890769139E+05, -2.902840553366288E+01,  7.644313119713697E-01, -9.795778277404968E-02,  4.686769987760949E+02,  1.405058294711485E+08, -3.880302864204761E+00,
2453720.500000000, A.D. 2005-Dec-16 00:00:00.0000,  1.992357212297454E+07,  1.387438719019998E+08, -3.456960524991751E+05, -2.911648921065736E+01,  1.892651511589799E-01, -9.652457177306492E-02,  4.675484789097018E+02,  1.401675077265007E+08, -3.951070641746814E+00,
2453721.500000000, A.D. 2005-Dec-17 00:00:00.0000,  1.740445747327391E+07,  1.387352217920007E+08, -3.539722556385472E+05, -2.919468936051738E+01, -3.902095197846200E-01, -9.504697620946817E-02,  4.663996930841718E+02,  1.398231104001495E+08, -4.020936797155350E+00,
2453722.500000000, A.D. 2005-Dec-18 00:00:00.0000,  1.487901933549229E+07,  1.386763223446079E+08, -3.621188574050739E+05, -2.926283819592002E+01, -9.738982101422772E-01, -9.352457849964751E-02,  4.652309057693219E+02,  1.394727167781514E+08, -4.089868639633869E+00,
2453723.500000000, A.D. 2005-Dec-19 00:00:00.0000,  1.234813340520212E+07,  1.385668136492276E+08, -3.701319854724482E+05, -2.932076689538605E+01, -1.561702456457100E+00, -9.195703597773031E-02,  4.640423908106312E+02,  1.391164089573157E+08, -4.157833303213445E+00,
2453724.500000000, A.D. 2005-Dec-20 00:00:00.0000,  9.812690213036824E+06,  1.384063444922052E+08, -3.780077393372580E+05, -2.936830109176513E+01, -2.153520781217451E+00, -9.034463656516312E-02,  4.628344316632704E+02,  1.387542719153649E+08, -4.224798420611690E+00,
2453725.500000000, A.D. 2005-Dec-21 00:00:00.0000,  7.273595412442015E+06,  1.381945727801714E+08, -3.857421917097867E+05, -2.940526520328839E+01, -2.749243962572273E+00, -8.868655177401186E-02,  4.616073216836775E+02,  1.383863935983464E+08, -4.290728093825106E+00,
2453726.500000000, A.D. 2005-Dec-22 00:00:00.0000,  4.731770046355580E+06,  1.379311659772034E+08, -3.933313853526711E+05, -2.943147834552409E+01, -3.348758047007419E+00, -8.698208386888528E-02,  4.603613643903442E+02,  1.380128649988149E+08, -4.355585813512401E+00,
2453727.500000000, A.D. 2005-Dec-23 00:00:00.0000,  2.188150819981151E+06,  1.376158015706903E+08, -4.007713397715688E+05, -2.944675853322527E+01, -3.951945794115620E+00, -8.523164217274593E-02,  4.590968737502494E+02,  1.376337802417030E+08, -4.419336427320472E+00,
2453728.500000000, A.D. 2005-Dec-24 00:00:00.0000, -3.563096293788769E+05,  1.372481675622573E+08, -4.080580468886197E+05, -2.945092009747767E+01, -4.558681441381125E+00, -8.343456792689841E-02,  4.578141744722068E+02,  1.372492366722637E+08, -4.481941005084736E+00,
2453729.500000000, A.D. 2005-Dec-25 00:00:00.0000, -2.900642480117455E+06,  1.368279629797844E+08, -4.151874727972150E+05, -2.944377324957837E+01, -5.168834870617101E+00, -8.159044254754444E-02,  4.565136022918547E+02,  1.368593349415095E+08, -4.543361341035598E+00,
2453730.500000000, A.D. 2005-Dec-26 00:00:00.0000, -5.443862467484711E+06,  1.363548984213153E+08, -4.221555621873587E+05, -2.942512723009175E+01, -5.782268766822266E+00, -7.969999302869546E-02,  4.551955042836931E+02,  1.364641790997579E+08, -4.603557380148319E+00,
2453731.500000000, A.D. 2005-Dec-27 00:00:00.0000, -7.984967636111625E+06,  1.358286966218129E+08, -4.289582322509438E+05, -2.939478659381829E+01, -6.398839237780469E+00, -7.776143814255931E-02,  4.538602391649737E+02,  1.360638766877353E+08, -4.662488185494495E+00,
2453732.500000000, A.D. 2005-Dec-28 00:00:00.0000, -1.052293910669216E+07,  1.352490930486391E+08, -4.355913813096657E+05, -2.935255419179726E+01, -7.018394802623035E+00, -7.577569190605660E-02,  4.525081776108080E+02,  1.356585388310447E+08, -4.720111167385228E+00,
2453733.500000000, A.D. 2005-Dec-29 00:00:00.0000, -1.305674084610010E+07,  1.346158365237471E+08, -4.420508840408400E+05, -2.929823117225617E+01, -7.640778179725281E+00, -7.374197772939617E-02,  4.511397025695133E+02,  1.352482803347033E+08, -4.776384109178423E+00,
2453734.500000000, A.D. 2005-Dec-30 00:00:00.0000, -1.558531945029800E+07,  1.339286898773437E+08, -4.483325955554619E+05, -2.923161467981842E+01, -8.265823249994693E+00, -7.165976889715875E-02,  4.497552095919271E+02,  1.348332197818690E+08, -4.831262647588982E+00,
2453735.500000000, A.D. 2005-Dec-31 00:00:00.0000, -1.810760393758146E+07,  1.331874306311247E+08, -4.544323518983498E+05, -2.915250004565915E+01, -8.893355078981111E+00, -6.953012680216997E-02,  4.483551071645576E+02,  1.344134796337162E+08, -4.884700500967405E+00,
2453736.500000000, A.D. 2006-Jan-01 00:00:00.0000, -2.062250556400731E+07,  1.323918517079041E+08, -4.603459704717919E+05, -2.906068076194379E+01, -9.523191603748263E+00, -6.735125469384196E-02,  4.469398170378392E+02,  1.339891863278441E+08, -4.936651480106873E+00,
2453737.500000000, A.D. 2006-Jan-02 00:00:00.0000, -2.312891764178583E+07,  1.315417621743538E+08, -4.660692525244504E+05, -2.895594763314148E+01, -1.015514224810444E+01, -6.512400147211661E-02,  4.455097745608983E+02,  1.335604703786376E+08, -4.987068585616055E+00,
2453738.500000000, A.D. 2006-Jan-03 00:00:00.0000, -2.562571538550805E+07,  1.306369880192468E+08, -4.715979837820828E+05, -2.883809116827196E+01, -1.078900561375983E+01, -6.284784250558495E-02,  4.440654290371976E+02,  1.331274664838860E+08, -5.035901751575780E+00,
2453739.500000000, A.D. 2006-Jan-04 00:00:00.0000, -2.811175576999541E+07,  1.296773729573550E+08, -4.769279366218150E+05, -2.870689944472695E+01, -1.142457188024620E+01, -6.052237719774833E-02,  4.426072440581766E+02,  1.326903136248066E+08, -5.083100938200249E+00,
2453740.500000000, A.D. 2006-Jan-05 00:00:00.0000, -3.058587741483954E+07,  1.286627792705620E+08, -4.820548734943494E+05, -2.856215870568134E+01, -1.206162168737971E+01, -5.814842747016602E-02,  4.411356978573665E+02,  1.322491551722052E+08, -5.128615395063779E+00,
2453741.500000000, A.D. 2006-Jan-06 00:00:00.0000, -3.304690048586887E+07,  1.275930886819528E+08, -4.869745446183085E+05, -2.840365618205411E+01, -1.269992372521740E+01, -5.572493283380897E-02,  4.396512836612184E+02,  1.318041389916519E+08, -5.172391120903361E+00,
2453742.500000000, A.D. 2006-Jan-07 00:00:00.0000, -3.549362662904692E+07,  1.264682032610715E+08, -4.916826936149523E+05, -2.823117560706222E+01, -1.333923836751894E+01, -5.325201495349674E-02,  4.381545100380922E+02,  1.313554175481053E+08, -5.214375871251398E+00,
2453743.500000000, A.D. 2006-Jan-08 00:00:00.0000, -3.792483892204301E+07,  1.252880463664399E+08, -4.961750596949086E+05, -2.804450314055183E+01, -1.397931322974702E+01, -5.072976718464073E-02,  4.366459012498372E+02,  1.309031480113139E+08, -5.254513886409082E+00,
2453744.500000000, A.D. 2006-Jan-09 00:00:00.0000, -4.033930186298088E+07,  1.240525636201013E+08, -5.004473801985160E+05, -2.784342346040316E+01, -1.461988498438645E+01, -4.815836225133108E-02,  4.351259976003360E+02,  1.304474923603068E+08, -5.292749098180583E+00,
2453745.500000000, A.D. 2006-Jan-10 00:00:00.0000, -4.273576139116314E+07,  1.227617239220333E+08, -5.044953919906914E+05, -2.762772222733447E+01, -1.526067704705712E+01, -4.553754035614066E-02,  4.335953557992008E+02,  1.299886174924270E+08, -5.329022782987294E+00,
2453746.500000000, A.D. 2006-Jan-11 00:00:00.0000, -4.511294493824606E+07,  1.214155204903020E+08, -5.083148364780396E+05, -2.739718479232243E+01, -1.590140350050576E+01, -4.286755662100550E-02,  4.320545492891832E+02,  1.295266953214864E+08, -5.363278215366871E+00,
2453747.500000000, A.D. 2006-Jan-12 00:00:00.0000, -4.746956152334497E+07,  1.200139719454620E+08, -5.119014632584527E+05, -2.715159973398654E+01, -1.654176304383275E+01, -4.014804969355446E-02,  4.305041686058798E+02,  1.290619028856031E+08, -5.395454308566567E+00,
2453748.500000000, A.D. 2006-Jan-13 00:00:00.0000, -4.980430188058411E+07,  1.185571234222807E+08, -5.152510321518257E+05, -2.689075573456085E+01, -1.718144217139040E+01, -3.738005815243550E-02,  4.289448216993008E+02,  1.285944224436052E+08, -5.425490237553789E+00,
2453749.500000000, A.D. 2006-Jan-14 00:00:00.0000, -5.211583863858993E+07,  1.170450477187406E+08, -5.183593180079833E+05, -2.661444476734084E+01, -1.782011436122741E+01, -3.456327927048530E-02,  4.273771342668493E+02,  1.281244415748547E+08, -5.453324143518699E+00,
2453750.500000000, A.D. 2006-Jan-15 00:00:00.0000, -5.440282653600069E+07,  1.154778464815412E+08, -5.212221152122468E+05, -2.632246117368974E+01, -1.845743824807922E+01, -3.169724914684924E-02,  4.258017500710118E+02,  1.276521532744903E+08, -5.478892380375396E+00,
2453751.500000000, A.D. 2006-Jan-16 00:00:00.0000, -5.666390270111457E+07,  1.138556514219505E+08, -5.238352456755936E+05, -2.601460289850923E+01, -1.909305883274133E+01, -2.878404400019985E-02,  4.242193312547992E+02,  1.271777560479924E+08, -5.502130775363799E+00,
2453752.500000000, A.D. 2006-Jan-17 00:00:00.0000, -5.889768697550158E+07,  1.121786255669740E+08, -5.261945602140650E+05, -2.569067170119792E+01, -1.972660665842522E+01, -2.582208568411293E-02,  4.226305586401168E+02,  1.267014540006337E+08, -5.522974460501501E+00,
2453753.500000000, A.D. 2006-Jan-18 00:00:00.0000, -6.110278229936615E+07,  1.104469645382985E+08, -5.282959492635503E+05, -2.535047502178770E+01, -2.035769679873151E+01, -2.281313688710274E-02,  4.210361320059713E+02,  1.262234569208826E+08, -5.541356772693433E+00,
2453754.500000000, A.D. 2006-Jan-19 00:00:00.0000, -6.327777515493768E+07,  1.086608978604287E+08, -5.301353461339623E+05, -2.499382483266190E+01, -2.098592869487848E+01, -1.975791971741270E-02,  4.194367703420723E+02,  1.257439803564314E+08, -5.557210373371207E+00,
2453755.500000000, A.D. 2006-Jan-20 00:00:00.0000, -6.542123607541411E+07,  1.068206902997190E+08, -5.317087337918431E+05, -2.462053948405503E+01, -2.161088767877189E+01, -1.665609596236006E-02,  4.178332120900741E+02,  1.252632456865186E+08, -5.570468447705959E+00,
2453756.500000000, A.D. 2006-Jan-21 00:00:00.0000, -6.753172022551589E+07,  1.049266432317213E+08, -5.330121547385082E+05, -2.423044496723363E+01, -2.223214075237197E+01, -1.350829691727284E-02,  4.162262153712230E+02,  1.247814801901763E+08, -5.581061142941500E+00,
2453757.500000000, A.D. 2006-Jan-22 00:00:00.0000, -6.960776805089726E+07,  1.029790960257138E+08, -5.340417173076123E+05, -2.382337517716651E+01, -2.284924045581363E+01, -1.031665923301262E-02,  4.146165581606691E+02,  1.242989170984869E+08, -5.588919519027647E+00,
2453758.500000000, A.D. 2006-Jan-23 00:00:00.0000, -7.164790600577566E+07,  1.009784274571652E+08, -5.347936007267162E+05, -2.339917231786406E+01, -2.346172302927556E+01, -7.080868499318882E-03,  4.130050384519386E+02,  1.238157956438912E+08, -5.593974562643321E+00,
2453759.500000000, A.D. 2006-Jan-24 00:00:00.0000, -7.365064736501737E+07,  9.892505713689423E+07, -5.352640664585084E+05, -2.295768941772191E+01, -2.406910688097866E+01, -3.802570741450850E-03,  4.113924743889750E+02,  1.233323610997729E+08, -5.596155334095789E+00,
2453760.500000000, A.D. 2006-Jan-25 00:00:00.0000, -7.561449311366849E+07,  9.681944695457464E+07, -5.354494679380506E+05, -2.249878906359570E+01, -2.467089450145919E+01, -4.822619913564807E-04,  4.097797043436856E+02,  1.228488648037068E+08, -5.595392140270969E+00,
2453761.500000000, A.D. 2006-Jan-26 00:00:00.0000, -7.753793293857051E+07,  9.466210253447823E+07, -5.353462543416694E+05, -2.202234729641463E+01, -2.526657109476541E+01,  2.878371485087072E-03,  4.081675869796366E+02,  1.223655641765541E+08, -5.591613959187330E+00,
2453762.500000000, A.D. 2006-Jan-27 00:00:00.0000, -7.941944630151878E+07,  9.245357470274620E+07, -5.349509825453013E+05, -2.152825184756531E+01, -2.585560579978321E+01,  6.278141951581162E-03,  4.065570012584743E+02,  1.218827227243871E+08, -5.584751341329685E+00,
2453763.500000000, A.D. 2006-Jan-28 00:00:00.0000, -8.125750361849912E+07,  9.019446094559583E+07, -5.342603257988729E+05, -2.101640498943254E+01, -2.643744920901596E+01,  9.715770217022524E-03,  4.049488463843581E+02,  1.214006100218312E+08, -5.574733655258933E+00,
2453764.500000000, A.D. 2006-Jan-29 00:00:00.0000, -8.305056754092486E+07,  8.788540688456231E+07, -5.332710820131674E+05, -2.048672580512894E+01, -2.701153599385631E+01,  1.318931288080805E-02,  4.033440417472423E+02,  1.209195016950604E+08, -5.561490498041106E+00,
2453765.500000000, A.D. 2006-Jan-30 00:00:00.0000, -8.479709433849619E+07,  8.552710772678016E+07, -5.319801828317791E+05, -1.993914808587175E+01, -2.757728334149560E+01,  1.669782732283309E-02,  4.017435267573882E+02,  1.204396793721862E+08, -5.544952861777376E+00,
2453766.500000000, A.D. 2006-Jan-31 00:00:00.0000, -8.649553540000379E+07,  8.312030971396050E+07, -5.303847044944055E+05, -1.937362361654974E+01, -2.813409302245669E+01,  2.023985835497122E-02,  4.001482606707281E+02,  1.199614306309023E+08, -5.525053424437099E+00,
2453767.500000000, A.D. 2006-Feb-01 00:00:00.0000, -8.814433883979681E+07,  8.066581154584007E+07, -5.284818738170080E+05, -1.879012567983767E+01, -2.868135014242522E+01,  2.381227261826702E-02,  3.985592223205077E+02,  1.194850489180335E+08, -5.501724031669919E+00,
2453768.500000000, A.D. 2006-Feb-02 00:00:00.0000, -8.974195123011662E+07,  7.816446577925795E+07, -5.262690819908455E+05, -1.818864636906331E+01, -2.921842153602793E+01,  2.741426919126155E-02,  3.969774098108960E+02,  1.190108334576818E+08, -5.474897563812451E+00,
2453769.500000000, A.D. 2006-Feb-03 00:00:00.0000, -9.128681944878583E+07,  7.561718019132394E+07, -5.237438923763670E+05, -1.756920006713487E+01, -2.974466248458262E+01,  3.104358421608744E-02,  3.954038401274886E+02,  1.185390891344588E+08, -5.444510937604970E+00,
2453770.500000000, A.D. 2006-Feb-04 00:00:00.0000, -9.277739265099907E+07,  7.302491910722516E+07, -5.209040490612537E+05, -1.693182593607878E+01, -3.025940954325914E+01,  3.469772662910486E-02,  3.938395486934105E+02,  1.180701263604082E+08, -5.410499377253575E+00,
2453771.500000000, A.D. 2006-Feb-05 00:00:00.0000, -9.421212436779284E+07,  7.038870466499637E+07, -5.177474907593876E+05, -1.627658612581156E+01, -3.076198704025927E+01,  3.837456707431031E-02,  3.922855888272172E+02,  1.176042609124888E+08, -5.372803057902788E+00,
2453772.500000000, A.D. 2006-Feb-06 00:00:00.0000, -9.558947473455976E+07,  6.770961803566781E+07, -5.142723565222770E+05, -1.560357081698217E+01, -3.125170541410110E+01,  4.207145820019420E-02,  3.907430311621118E+02,  1.171418137584601E+08, -5.331363023359478E+00,
2453773.500000000, A.D. 2006-Feb-07 00:00:00.0000, -9.690791283963785E+07,  6.498880055840072E+07, -5.104770012602545E+05, -1.491289818514240E+01, -3.172786104148731E+01,  4.578660808870971E-02,  3.892129629285566E+02,  1.166831108418148E+08, -5.286122082434698E+00,
2453774.500000000, A.D. 2006-Feb-08 00:00:00.0000, -9.816591921343572E+07,  6.222745481025502E+07, -5.063600027175881E+05, -1.420471497911537E+01, -3.218973994972580E+01,  4.951667603684662E-02,  3.876964872101383E+02,  1.162284828586929E+08, -5.237027476216353E+00,
2453775.500000000, A.D. 2006-Feb-09 00:00:00.0000, -9.936198843985042E+07,  5.942684557497434E+07, -5.019201733834185E+05, -1.347920032569486E+01, -3.263661674249904E+01,  5.325899467209183E-02,  3.861947220713121E+02,  1.157782649963855E+08, -5.184028004639471E+00,
2453776.500000000, A.D. 2006-Feb-10 00:00:00.0000, -1.004946318955565E+08,  5.658830071643908E+07, -4.971565717707239E+05, -1.273656394319673E+01, -3.306775603121316E+01,  5.701107793170301E-02,  3.847087996028130E+02,  1.153327966471567E+08, -5.127077274190026E+00,
2453777.500000000, A.D. 2006-Feb-11 00:00:00.0000, -1.015623806193323E+08,  5.371321193560551E+07, -4.920685153825581E+05, -1.197705127177100E+01, -3.348241607389040E+01,  6.076909676213482E-02,  3.832398648747323E+02,  1.148924210943839E+08, -5.066132019388811E+00,
2453778.500000000, A.D. 2006-Feb-12 00:00:00.0000, -1.025637883070522E+08,  5.080303540314373E+07, -4.866555864883140E+05, -1.120094192707915E+01, -3.387984719052385E+01,  6.453053126702635E-02,  3.817890747980367E+02,  1.144574851712493E+08, -5.001153423140897E+00,
2453779.500000000, A.D. 2006-Feb-13 00:00:00.0000, -1.034974344174323E+08,  4.785929225934765E+07, -4.809176495737471E+05, -1.040855181093720E+01, -3.425929499132461E+01,  6.829183466637367E-02,  3.803575968634754E+02,  1.140283388826744E+08, -4.932107679682736E+00,
2453780.500000000, A.D. 2006-Feb-14 00:00:00.0000, -1.043619274058975E+08,  4.488356895384219E+07, -4.748548584645651E+05, -9.600237538443649E+00, -3.462000235350981E+01,  7.204957422576008E-02,  3.789466077981312E+02,  1.136053350025637E+08, -4.858963558598925E+00,
2453781.500000000, A.D. 2006-Feb-15 00:00:00.0000, -1.051559080586050E+08,  4.187751743710156E+07, -4.684676688795183E+05, -8.776391213320265E+00, -3.496121030416796E+01,  7.580059693052021E-02,  3.775572921093563E+02,  1.131888286372879E+08, -4.781698187583836E+00,
2453782.500000000, A.D. 2006-Feb-16 00:00:00.0000, -1.058780529368074E+08,  3.884285516486936E+07, -4.617568474948574E+05, -7.937447689595009E+00, -3.528216205277241E+01,  7.954064031352104E-02,  3.761908405280363E+02,  1.127791767589860E+08, -4.700292620732316E+00,
2453783.500000000, A.D. 2006-Feb-17 00:00:00.0000, -1.065270814888993E+08,  3.578136955054732E+07, -4.547213023253195E+05, -7.085357748953101E+00, -3.558019668330658E+01,  8.416727404685886E-02,  3.748484645411635E+02,  1.123767425623212E+08, -4.612733424541258E+00,
2453784.500000000, A.D. 2006-Feb-18 00:00:00.0000, -1.071018728228659E+08,  3.269506393413752E+07, -4.472890451348964E+05, -6.217691932399328E+00, -3.585837651356425E+01,  8.787318365792629E-02,  3.735318956790933E+02,  1.119820451470349E+08, -4.523089091087106E+00,
2453785.500000000, A.D. 2006-Feb-19 00:00:00.0000, -1.076011087157560E+08,  2.958569014812917E+07, -4.395374945956860E+05, -5.336487226425039E+00, -3.611405775238809E+01,  9.155651428190836E-02,  3.722417611070539E+02,  1.115952725325325E+08, -4.429288192470683E+00,
2453786.500000000, A.D. 2006-Feb-20 00:00:00.0000, -1.080236451978233E+08,  2.645522380385313E+07, -4.314688270589430E+05, -4.442347177795307E+00, -3.634650925332190E+01,  9.521302630816209E-02,  3.709792579141792E+02,  1.112167835971077E+08, -4.331338915568560E+00,
2453787.500000000, A.D. 2006-Feb-21 00:00:00.0000, -1.083683924881696E+08,  2.330570299230302E+07, -4.230855839433996E+05, -3.535922896876509E+00, -3.655501523507839E+01,  9.883815280920061E-02,  3.697455800750746E+02,  1.108469362853424E+08, -4.229254144129353E+00,
2453788.500000000, A.D. 2006-Feb-22 00:00:00.0000, -1.086343187954751E+08,  2.013922698109566E+07, -4.143906633142559E+05, -2.617906815116791E+00, -3.673887579584167E+01,  1.024272276109546E-01,  3.685419161587843E+02,  1.104860869212719E+08, -4.123057415943098E+00,
2453789.500000000, A.D. 2006-Feb-23 00:00:00.0000, -1.088204541830347E+08,  1.695795468588081E+07, -4.053873632817287E+05, -1.689038406428306E+00, -3.689741042269402E+01,  1.059734107866621E-01,  3.673694471220203E+02,  1.101345895468115E+08, -4.012777907053501E+00,
2453790.500000000, A.D. 2006-Feb-24 00:00:00.0000, -1.089258944202721E+08,  1.376410284697702E+07, -3.960793371283943E+05, -7.500977097933152E-01, -3.702996115517781E+01,  1.094797878777189E-01,  3.662293439540568E+02,  1.097927952157141E+08, -3.898457013126009E+00,
2453791.500000000, A.D. 2006-Feb-25 00:00:00.0000, -1.089498047853690E+08,  1.055994397892353E+07, -3.864706626688037E+05,  1.980863282460417E-01, -3.713589579141580E+01,  1.129343684277657E-01,  3.651227651724653E+02,  1.094610512428102E+08, -3.780139940917410E+00,
2453792.500000000, A.D. 2006-Feb-26 00:00:00.0000, -1.088914238803499E+08,  7.347803981818338E+06, -3.765657867511897E+05,  1.154644333519841E+00, -3.721461135761884E+01,  1.163352984509931E-01,  3.640508543923898E+02,  1.091397004752946E+08, -3.657883806005536E+00,
2453793.500000000, A.D. 2006-Feb-27 00:00:00.0000, -1.087500673252938E+08,  4.130059546611092E+06, -3.663695486790896E+05,  2.118663633921180E+00, -3.726553566127333E+01,  1.196782861297727E-01,  3.630147376713391E+02,  1.088290804967159E+08, -3.531754002435704E+00,
2453794.500000000, A.D. 2006-Feb-28 00:00:00.0000, -1.085251313902255E+08,  9.091352289173317E+05, -3.558872104261003E+05,  3.089189599935159E+00, -3.728813369453275E+01,  1.229573444189445E-01,  3.620155208527470E+02,  1.085295228305953E+08, -3.401824798466608E+00,
2453795.500000000, A.D. 2006-Mar-01 00:00:00.0000, -1.082160965482698E+08, -2.312499720761912E+06, -3.451244183698724E+05,  4.065228747213214E+00, -3.728190640295900E+01,  1.261692024187671E-01,  3.610542869711007E+02,  1.082413521625036E+08, -3.268181018234347E+00,
2453796.500000000, A.D. 2006-Mar-02 00:00:00.0000, -1.078225308439953E+08, -5.532334852481069E+06, -3.340872211705456E+05,  5.045747045538290E+00, -3.724639845604366E+01,  1.293085474655289E-01,  3.601320934462049E+02,  1.079648854989235E+08, -3.130914898042939E+00,
2453797.500000000, A.D. 2006-Mar-03 00:00:00.0000, -1.073440931450971E+08, -8.747822224515710E+06, -3.227820724101029E+05,  6.029676807584580E+00, -3.718119934468037E+01,  1.323712182411292E-01,  3.592499693897354E+02,  1.077004313597735E+08, -2.990130957665607E+00,
2453798.500000000, A.D. 2006-Mar-04 00:00:00.0000, -1.067805361792346E+08, -1.195638043346437E+07, -3.112158106320910E+05,  7.015913885860984E+00, -3.708594510657917E+01,  1.353522448333031E-01,  3.584089127921787E+02,  1.074482889350749E+08, -2.845941102273911E+00,
2453799.500000000, A.D. 2006-Mar-05 00:00:00.0000, -1.061317094047514E+08, -1.515539887818006E+07, -2.993956783703221E+05,  8.003323480045475E+00, -3.696032329370561E+01,  1.382475612834035E-01,  3.576098878495768E+02,  1.072087472835290E+08, -2.698467781095438E+00,
2453800.500000000, A.D. 2006-Mar-06 00:00:00.0000, -1.053975616226165E+08, -1.834224226627649E+07, -2.873292857961161E+05,  8.990741243439640E+00, -3.680407665755713E+01,  1.410518975041199E-01,  3.568538222099534E+02,  1.069820845070169E+08, -2.547841943778887E+00,
2453801.500000000, A.D. 2006-Mar-07 00:00:00.0000, -1.045781433434709E+08, -2.151425535873460E+07, -2.750246177678695E+05,  9.976977553040115E+00, -3.661700122710911E+01,  1.437619849243976E-01,  3.561416042839326E+02,  1.067685669443435E+08, -2.394204766497456E+00,
2453802.500000000, A.D. 2006-Mar-08 00:00:00.0000, -1.036736088634260E+08, -2.466876796032985E+07, -2.624900400118232E+05,  1.096081960229735E+01, -3.639895327297979E+01,  1.463733685976099E-01,  3.554740805795966E+02,  1.065684483722473E+08, -2.237705598372988E+00,
2453803.500000000, A.D. 2006-Mar-09 00:00:00.0000, -1.026842180836948E+08, -2.780310004641450E+07, -2.497342527078390E+05,  1.194103717105556E+01, -3.614985079807177E+01,  1.488821884627889E-01,  3.548520532037431E+02,  1.063819692562969E+08, -2.078503802329426E+00,
2453804.500000000, A.D. 2006-Mar-10 00:00:00.0000, -1.016103379675475E+08, -3.091456712971851E+07, -2.367662950109709E+05,  1.291638231196802E+01, -3.586967313612273E+01,  1.512841119996189E-01,  3.542762773421218E+02,  1.062093559954844E+08, -1.916764968773030E+00,
2453805.500000000, A.D. 2006-Mar-11 00:00:00.0000, -1.004524436785289E+08, -3.400048575528839E+07, -2.235955359679963E+05,  1.388559907501931E+01, -3.555846382610287E+01,  1.535759223831636E-01,  3.537474588889510E+02,  1.060508202115726E+08, -1.752665889302150E+00,
2453806.500000000, A.D. 2006-Mar-12 00:00:00.0000, -9.921111935249372E+07, -3.705817911439106E+07, -2.102316442303117E+05,  1.484742225614974E+01, -3.521633428085222E+01,  1.557541761619863E-01,  3.532662521432600E+02,  1.059065580584757E+08, -1.586388090938028E+00,
2453807.500000000, A.D. 2006-Mar-13 00:00:00.0000, -9.788705854784566E+07, -4.008498279246842E+07, -1.966845635415856E+05,  1.580058448912630E+01, -3.484345980717389E+01,  1.578157605537420E-01,  3.528332578199485E+02,  1.057767496259901E+08, -1.418121587504187E+00,
2453808.500000000, A.D. 2006-Mar-14 00:00:00.0000, -9.648106425051306E+07, -4.307825055432294E+07, -1.829644919815622E+05,  1.674382058545803E+01, -3.444008593507586E+01,  1.597580829107415E-01,  3.524490209685993E+02,  1.056615583158699E+08, -1.248062311775511E+00,
2453809.500000000, A.D. 2006-Mar-15 00:00:00.0000, -9.499404852821027E+07, -4.603536018559454E+07, -1.690818777030539E+05,  1.767587168974836E+01, -3.400652437254445E+01,  1.615779962881660E-01,  3.521140291924464E+02,  1.055611303078873E+08, -1.076412638853757E+00,
2453810.500000000, A.D. 2006-Mar-16 00:00:00.0000, -9.342703178124367E+07, -4.895371937507733E+07, -1.550473523762003E+05,  1.859548885394930E+01, -3.354315400742277E+01,  1.632743641633070E-01,  3.518287110677494E+02,  1.054755940859724E+08, -9.033795542456723E-01,
2453811.500000000, A.D. 2006-Mar-17 00:00:00.0000, -9.178114160289256E+07, -5.183077154803498E+07, -1.408717383517921E+05,  1.950144154982728E+01, -3.305042265040216E+01,  1.648441873613535E-01,  3.515934347522897E+02,  1.054050600210515E+08, -7.291764195961302E-01,
2453812.500000000, A.D. 2006-Mar-18 00:00:00.0000, -9.005761121410084E+07, -5.466400161461375E+07, -1.265659780997373E+05,  2.039251567694524E+01, -3.252884521077603E+01,  1.662864484395499E-01,  3.514085066671901E+02,  1.053496199758663E+08, -5.540166885155456E-01,
2453813.500000000, A.D. 2006-Mar-19 00:00:00.0000, -8.825777753118499E+07, -5.745094172578574E+07, -1.121411335622445E+05,  2.126752574321191E+01, -3.197899829035318E+01,  1.676005017071187E-01,  3.512741706378664E+02,  1.053093470474374E+08, -3.781220231797108E-01,
2453814.500000000, A.D. 2006-Mar-20 00:00:00.0000, -8.638307882575029E+07, -6.018917684770707E+07, -9.760830898924172E+04,  2.212531214382013E+01, -3.140152632508173E+01,  1.687862148502131E-01,  3.511906071233461E+02,  1.052842953360202E+08, -2.017113432245967E-01,
2453815.500000000, A.D. 2006-Mar-21 00:00:00.0000, -8.443505201111749E+07, -6.287635017745213E+07, -8.297863528442755E+04,  2.296475137972754E+01, -3.079713472418655E+01,  1.698425828763952E-01,  3.511579326858540E+02,  1.052744997860907E+08, -2.500741490714761E-02,
2453816.500000000, A.D. 2006-Mar-22 00:00:00.0000, -8.241532953988072E+07, -6.551016842659102E+07, -6.826318855388090E+04,  2.378475627886032E+01, -3.016658816031948E+01,  1.707713517309415E-01,  3.511761997454703E+02,  1.052799761127935E+08,  1.517675790125009E-01,
2453817.500000000, A.D. 2006-Mar-23 00:00:00.0000, -8.032563596995212E+07, -6.808840690855727E+07, -5.347296011837199E+04,  2.458428225402365E+01, -2.951070738961188E+01,  1.715741581264201E-01,  3.512453966953002E+02,  1.053007208364691E+08,  3.283906428294158E-01,
2453818.500000000, A.D. 2006-Mar-24 00:00:00.0000, -7.816778418114394E+07, -7.060891433406197E+07, -3.861875490599126E+04,  2.536233044963128E+01, -2.883037141239435E+01,  1.722527281450645E-01,  3.513654481356136E+02,  1.053367113528471E+08,  5.046426786133106E-01,
2453819.500000000, A.D. 2006-Mar-25 00:00:00.0000, -7.594367127032687E+07, -7.306961741754474E+07, -2.371115514200926E+04,  2.611795031086719E+01, -2.812650673330482E+01,  1.728114116270998E-01,  3.515362155199721E+02,  1.053879061267502E+08,  6.803053472466716E-01,
2453820.500000000, A.D. 2006-Mar-26 00:00:00.0000, -7.365527414552496E+07, -7.546852520654525E+07, -8.760355816770345E+03,  2.685024567783233E+01, -2.740009148588988E+01,  1.732533327319654E-01,  3.517574980957370E+02,  1.054542449740513E+08,  8.551649196335268E-01,
2453821.500000000, A.D. 2006-Mar-27 00:00:00.0000, -7.130464486269203E+07, -7.780373312463869E+07,  6.223881706785411E+03,  2.755837428783882E+01, -2.665214685277308E+01,  1.735866382175182E-01,  3.520290342156327E+02,  1.055356494548706E+08,  1.029012568624848E+00,
2453822.500000000, A.D. 2006-Mar-28 00:00:00.0000, -6.889390567747886E+07, -8.007342673518369E+07,  2.123244259727001E+04,  2.824155312414125E+01, -2.588373712907838E+01,  1.738178178601366E-01,  3.523505029650406E+02,  1.056320233614258E+08,  1.201646224842725E+00,
2453823.500000000, A.D. 2006-Mar-29 00:00:00.0000, -6.642524388675210E+07, -8.227588523590538E+07,  3.625699592657015E+04,  2.889906023233130E+01, -2.509596539638524E+01,  1.739586749146671E-01,  3.527215263061964E+02,  1.057432533608463E+08,  1.372872002814880E+00,
2453824.500000000, A.D. 2006-Mar-30 00:00:00.0000, -6.390090646065464E+07, -8.440948470308518E+07,  5.129029642621800E+04,  2.953023711543798E+01, -2.428997064497203E+01,  1.740228232199303E-01,  3.531416717840990E+02,  1.058692098063843E+08,  1.542506191379363E+00,
2453825.500000000, A.D. 2006-Mar-31 00:00:00.0000, -6.132319441257592E+07, -8.647270115413035E+07,  6.632652688243985E+04,  3.013449056074867E+01, -2.346692738783798E+01,  1.740301963685145E-01,  3.536104558890850E+02,  1.060097477454894E+08,  1.710379682133316E+00,
2453826.500000000, A.D. 2006-Apr-01 00:00:00.0000, -5.869445703727786E+07, -8.846411346126968E+07,  8.136181333947554E+04,  3.071129733777053E+01, -2.262804229218750E+01,  1.740062224842749E-01,  3.541273484832868E+02,  1.061647082468271E+08,  1.876338562437413E+00,
$$EOE
**************************************************************************************************************************************************************************************************************************************************************************
 